1503448404
2889330414
2886571275
2878183338
2843483188
2865361569
2896548513
2873494547
2009463077
2868392160
2023507013
1617282896
818773962
2891663812
1508850027
1561769193
1423699208
2788630748
2808554143
2784585275
2898826891
2871933948
2891664508
2016436324
761421485
2553698129
2849477421
725949967
1372003680
1874644848
725130005
717575199
724602224
2420141361
705924057
747645520
1879950403
2006605356
2649305776
2878346181
839005762
2844129100
2876425160
2862231833
1507748539
2880042776
2890537559
2102143149
2193152410
2880823401
2521176396
1678847247
1516158345
2619652663
2662457442
1635901197
2816938779
2748834409
2777098392
2689011282
2202185773
754637870
1211661009
839005762
867467808
1444154109
2145524536
1509278793
2079862064
2574315206
2877392159
2877856030
2069684319
2868182685
1556214130
1562135044
1540475285
2475965842
2146766912
1579516669
2169841018
2889137767
2889137767
1446523594
715759739
2113372560
2874517333
2683622537
2903148673
2900172649
2890920739
715565262
725153576
2084493662
853043503
2073966033
712141500
2894816192
2897048164
2879990720
2868725635
2870120550
2900307862
1279012058
725747149
2645100914
2439736083
2493234474
2010945849
2478833213
2664723367
2270039395
2880150945
2807616911
1899474310
2057362949
735106432
2633406344
1195427067
2023661266
2058332610
864601386
1691419062
753498552
2108362126
1542765654
2479389928
2034896549
730936602
858744731
2906292443
2896531741
2904259942
2893316224
2907376077