1503448404
2889330414
2886571275
2843483188
2865361569
2896548513
2873494547
2009463077
2868392160
2023507013
1617282896
818773962
2891663812
1508850027
1561769193
1423699208
2788630748
2808554143
2784585275
2898826891
2871933948
2891664508
2016436324
761421485
2553698129
2849477421
725949967
1372003680
1874644848
725130005
717575199
724602224
2420141361
705924057
747645520
1879950403
2006605356
2649305776
2878346181
839005762
2844129100
2876425160
2862231833
1507748539
2880042776
2890537559
2102143149
2193152410
2880823401
2521176396
1678847247
1516158345
2619652663
2662457442
1635901197
2816938779
2748834409
2777098392
2689011282
2202185773
754637870
1211661009
839005762
867467808
1444154109
2145524536
1509278793
2079862064
2574315206
2877392159
2069684319
2868182685
1556214130
1562135044
1540475285
2475965842
2146766912
1579516669
2169841018
2889137767
1446523594
715759739
2113372560
2874517333
2683622537
2903148673
2900172649
2890920739
715565262
2084493662
853043503
2073966033
712141500
2894816192
2897048164
2879990720
2868725635
2870120550
2900307862
1279012058
725747149
2645100914
2439736083
2493234474
2010945849
2478833213
2664723367
2270039395
2880150945
2807616911
1899474310
2057362949
735106432
2633406344
1195427067
2023661266
864601386
1691419062
753498552
2108362126
1542765654
2479389928
2034896549
730936602
858744731
2906292443
2896531741
2904259942
2893316224
2907376077
725219116
2853717952
1541460369
1961098970
2558042766
2603765747
2690413766
2413690575
2287142613
1098354593
2879080074
2889812094
2899647123
2904918843
2904919442
2167490674
2573253909
2209097136
2280318231
2024330186
2379076640
935982361
1316142788
2516366920
2910048077
2543371889
2419813522
2820615654
2814391846
2838850284
2908116914
2853717952
2569949146
2006704353
1419675146
2361775777
2880268357
1418683071
1541536041
2329011599
2913312848
2898780056
2883462751
2773943594
2904548283
2583377522
2917732219
2914821423
2109725521
1951637504
2516523040
2567877605
2565329993
2862766598
2031734067
2917948202
2878200208
2296404655
1916352291
2206957172
2244594116
2887532326
2882167814
1814987817
1204108550
2898431155
2354938860
2901034783
2864470385
2897848371
2872105813
2878346573
1578914181
2873741780
715565817
2596988484
2922441211
1691076769
1975622772
2868389782
2888776971
2908418933
2057001924
1677616980
1321600671
1847679158
2898411376
2073082747
2800155563
2860402719
2850306027
2926310517
2854006492
2893587777
2876541977
2877292196
2016436324
1628211313
1687566130
1132557840
1609226728
2915575236
2929733063
2870663873
2033979700
1334289344
1649368867
2341486509
2817875267
2563506048
717632155
2008833499
2010793247
2267837524
2589384830
2798208461
2568865984
1677752791
2007064094
1939945822
2011794898
2932090764
2889326293
2890036704
2922939379
2723853861
2723854802
2922941171
2922941898
2922942051
2922939780
2922940092
2922940495
2922940790
2922940907
2922940995
2278457033
2922942215
2934245647
1157085076
2888499563
2777123045
2841512563
2882283988
2369311144
2931216924
2874326666
2013191418
2018290315
2808047855
2881097629
2898409109
761219125
1938420742
1319782555
1541721856
1505423207
1814100216
1722398508
1609226728
2014789938
2599942235
1332119637
1629854111
2861806869
1546494565
2571189146
726121441
2329899837
2014603702
2345493945
2932093144
2902499006
1309994319
2937029854
2883913520
2007482587
836308268
2638336416
2880353853
1675451818
2800857642
1864033077
2052724566
2146654275
2787342464
2103145649
2590957984
2160022668
2680751877
2927335733
2012484790
1961528842
2938891185
1084452457
2937678975
2924192241
2576081324
2324476979
2426119067
2007163386
2095586726
1501729394
2680751877
2180356108
2746053244
2603986959
2878231478
2898000489
1708709952
1713884017
1702668415
817350064
2882481802
2933263256
2565305459
2537961156
2426119067
2569327150
2463358089
1532542538
2873834661
2873628478
2940516655
2933263256
2918333794
1542393171
2854310627
2886446735
1914051404
2941977041
2941608795
2940072380
2939292644
1543069597
2801452324
2571594852
1555355332
2571676542
2889803802
1539025677
2900128137
1558635181
2897048164
2912622730
2914897215
2576079360
2633514537
2021510577
2574489704
1576710993
2375902187
2625720098
2926728891
2639664626
2910923103
2938611010
2275164784
2602035552
2778703069
2943851716
2945787596
2944982026
1434137894
2946603028
1612316880
2594383552
755227567
1537873717
2860414285
2944488802
2086300611
2893432492
2603946196
2526040241
1485312620
2013416365
1180192852
2006396200
2947614992
2553700067
1730938407
2889440091
2373632580
2007063140
2038000893
2038001322
2538518381
2860715703
2553700067
731111514
2858358933
2645457078
2660249018
2645457599
2948977543
2927491015
2948692205
2944982026
2902544033
2869561673
2860821574
2551783208
3020708316
3014906877
3014915404
3041454630
3020727240
3028240095
3005103112
3034079632
3034077531
2999614450
3034078059
3034079349
3034078602
2017782001
2223652537
1814988282
2278301611
2508356617
3009060901
3019977962
3020515550
2608762624
1718191613
2953960864
1718190143
1957158779
2102143149
2023507013
2134308519
2134312965
2861806869
3036781401
2633276599
2599504692
3030499331
1374065851
2879094186
3009738919
2943571922
3023388305
3024562670
2723801948
3022984676
2983650634
2819334265
3016103756
2900108163
3033901359
3033901895
3042607045
3021977040
2973942644
2875366181
2193152410
1545708330
2520773186
3005834788
3001253573
2997953569
2997859720
2992224079
2988200143
3015387495
3042484788
3032305623
3028675048
2977561141
2829295971
2206903764
2566316158
2860232091
1598406574
1414302321
2978992573
1339135272
1345928533
1346064449
1353625821
2895300634
2895299310
2895301341
2565545335
944669553
2895035527
2747392932
1909870211
2894831795
3047892432
2857888739
2412682633
1539035648
1865654125
2924021923
3048033677
2260097569
2106597000
2107412614
2261114471
2182111148
2466442910
2984289513
2545774148
2981924439
2122461695
2266685892
2255432128
3012932396
2960593459
2961683592
2817638066
2810613161
2899534833
2649546456
2883908459
1714572710
2563507593
3042248941
2222935097
2417393902
2534328163
1509102551
1845154007
2791283526
2532632591
2138635288
2275655161
2290406586
2595360307
2659985388
3030074966
3014295064
2961064586
2950258180
2734032569
1551336515
2554928098
2014424353
2365526329
2652749788
848513545
830545304
3047523639
3048306872
3013131740
2934245647
1500248421
859466666
2786832432
2063008864
1776143665
2562730174
1674624795
2882490442
2567901366
2610120706
2572683272
2552092060
2584374906
2259837114
2154569778
2505778174
2848956469
3047191756
1542004942
2996971119
2031929206
2563152474
1709963396
2743171832
3020706506
2626746078
2411722784
3000451147
2791102835
2795998250
3046959117
2946828912
1542254108
1235181370
2961752749
2961708299
2053931388
2888914698
2404555784
943925765
2970480303
2801262115
2045777828
1883678698
2226330302
1814383360
2947023388
2552628608
2177016016
1586105873
2999509683
2883208829
2552623545
2591721581
2585928816
2552628275
2552628984
2014890320
2694371667
2296697286
833899765
1715402900
2973240489
928376710
2663381778
2974524016
2974536022
2974546748
2974551731
2974549926
3048729603
2326430787
3006078428
2992303827
3050816910
1467764609
3039568123
3038748382
2270410747
2026992161
2011655761
2185295561
2864015430
2480050136
2955108571
3049731602
2920751126
2938854050
2149755445
2958575076
2935749119
3036627425
2608654598
1507216525
2568222561
2885961570
3022718748
1055485938
2560113727
3052352766
2877731755
2134308522
2186560858
3030552398
2934666296
3031247501
1914064942
2571003732
2642161586
1735421319
2568865984
3036978814
3014882867
2671237934
3028566550
1796223954
2440250887
2028381079
2986469522
3032026830
3052467818
3053702877
2007576583
2567438519
2710382569
2453099145
1851407975
2896163437
2060184114
2027628615
2824283616
2981211719
3052605639
3046519492
3022215037
2982680251
2986525461
2962208832
3013768539
3013984415
3015545282
2854967442
2408025650
2910865748
1582686191
2901561962
2890901044
2873284405
2594468074
3056091524
3056996662
3024088640
2527206368
2006925330
3051220357
1464742390
2669036490
832333531
1729446857
2590219104
797360572
1906780517
2067847359
2559826227
2311299987
1712993896
2037728879
1880253632
2062943477
1968134023
2275449762
2468543398
2920385763
2792917473
2385960678
2113685739
2582640021
2598436855
2981320663
1591142767
2967697746
1103809207
1633517937
2258431182
765890823
1821617793
1688004964
2323211835
3028944818
2563153311
708455313
2987876242
3060824036
2034091642
2991489003
3036480100
3066208882
3066838686
2279786905
2939292644
2952321484
3014885065
1321849735
932008009
2582758172
3015576981
2588873455
2558890999
2033008242
1520756475
2403873031
3011413077
2407128339
1470065926
1539031321
2877699803
3070942578
3071298014
3070914628
3070780021
2997812588
3066083522
2555107849
2558957509
2252000148
2956961272
1837193614
2916818324
3048605691
2659227786
2963766467
2659227986
2659228138
2710840954
2780614862
2963766667
1201382956
2263331727
2023513450
2972831749
3039014779
2963826335
3017163907
2965544918
2554535077
2379996939
2646321064
2775365629
2955864975
2109206579
2314407956
2823615794
2516523040
2842502659
2883228057
2775878596
2879969391
2185809028
2984173499
1973249767
2229205672
1662119905
2962064646
2588418157
2874729883
1541438907
2059725183
2890463608
2863526335
2978904831
2982391372
3078081326
2423311270
2586765823
2722851962
2586767283
3015529451
3025493377
2977841706
2938820380
2830358905
2260012940
1504723424
2800676538
2916348220
3079786283
2034348644
2768866020
2787850474
2390924647
2231295285
2777299966
2236103336
2593876906
2324532667
1440321094
2546149292
2853583481
2859850321
3027668458
2920976506
2794130067
2260590151
3080282352
3080482173
3068154233
3033779606
3043229067
2959816991
2838035829
2889861094
2968439981
2942661554
3036496558
3011458316
2928487698
3085549395
2014132171
2935868796
2882785581
2926675339
2901774438
3037618280
2763415519
2836791007
2611116560
2613207747
2945497357
3044059819
2856335335
932124891
2566460024
2934420800
2688941031
3158997430
3145950235
3128454510
3120453035
870089952
3118060751
3119651616
3127234420
3170653412